male: 3.5925925925925926
female: 4.386792452830188
