male: 1.8055555555555556
female: 2.3962264150943398
