male: 2.8055555555555554
female: 3.3962264150943398
