male: 2.449275362318841
female: 2.7971014492753623
