male: 1.4492753623188406
female: 1.7971014492753623
