male: 5.2898550724637685
female: 6.101449275362318
