male: 1.7983870967741935
female: 2.4098360655737703
