male: 1.6323529411764706
female: 2.3676470588235294
