male: 1.5180722891566265
female: 1.8414634146341464
