male: 1.3962264150943395
female: 1.7547169811320755
