male: 1.5058823529411764
female: 1.8214285714285714
